Päivittäiset kulutukset (kWh) ja lämpötila:
Pvm;Yö;Päivä;Yhteensä;Lämpötila
01.01.2023;4145.0;7217.7;11362.7;0.2
02.01.2023;4616.9;12343.3;16960.2;-4.8
03.01.2023;4731.0;12746.4;17477.4;-4.9
04.01.2023;4912.3;12634.4;17546.7;-8.7
05.01.2023;5002.7;12649.3;17652.0;-11.1
06.01.2023;4968.6;10270.4;15239.0;-7.8
07.01.2023;4875.8;8288.7;13164.5;-10.4
08.01.2023;4753.7;8055.1;12808.8;-12.4
09.01.2023;5084.6;14009.5;19094.1;-9.7
10.01.2023;5151.6;14160.4;19312.0;-7.5
11.01.2023;5205.6;14687.8;19893.4;0.1
12.01.2023;5237.9;14462.6;19700.5;-1.4
13.01.2023;5191.7;14049.8;19241.5;-0.2
14.01.2023;4978.9;8828.3;13807.2;1.5
15.01.2023;4903.5;8422.7;13326.2;1.2
16.01.2023;5227.5;14894.8;20122.3;1.3
17.01.2023;5336.0;15041.8;20377.8;0.4
18.01.2023;5481.0;15330.0;20811.0;0.1
19.01.2023;5388.3;15175.9;20564.2;0.0
20.01.2023;5361.2;14517.3;19878.5;-1.4
21.01.2023;5007.5;8550.3;13557.8;-6.1
22.01.2023;4922.4;8442.2;13364.6;-6.1
23.01.2023;5282.1;15241.4;20523.5;-6.5
24.01.2023;5389.9;15418.7;20808.6;-1.6
25.01.2023;5440.7;15414.8;20855.5;0.9
26.01.2023;5446.1;15113.1;20559.2;1.2
27.01.2023;5464.3;14405.7;19870.0;-4.4
28.01.2023;4833.2;8759.4;13592.6;-3.2
29.01.2023;4942.5;8153.5;13096.0;-1.5
30.01.2023;5131.0;15192.8;20323.8;0.4
31.01.2023;5482.3;15662.8;21145.1;-2.1
01.02.2023;5321.9;15786.7;21108.6;-3.9
02.02.2023;5444.0;15454.5;20898.5;-4.3
03.02.2023;5284.7;14571.9;19856.6;-6.5
04.02.2023;5040.2;8782.3;13822.5;-6.9
05.02.2023;5076.9;8420.0;13496.9;-8.2
06.02.2023;5248.9;15066.9;20315.8;-2.7
07.02.2023;5299.8;15709.9;21009.7;-3.3
08.02.2023;5442.7;16487.4;21930.1;0.6
09.02.2023;5565.4;16327.8;21893.2;0.7
10.02.2023;5568.0;15184.5;20752.5;-1.0
11.02.2023;5375.3;9068.2;14443.5;-4.4
12.02.2023;5208.4;8786.9;13995.3;-4.7
13.02.2023;5583.5;15384.9;20968.4;1.4
14.02.2023;5631.0;15533.2;21164.2;-0.3
15.02.2023;5644.2;16582.3;22226.5;-0.5
16.02.2023;5555.2;15519.2;21074.4;-0.7
17.02.2023;5702.3;15050.0;20752.3;-1.3
18.02.2023;5264.5;9201.5;14466.0;-3.7
19.02.2023;5207.8;8712.4;13920.2;-5.4
20.02.2023;5475.5;15113.4;20588.9;-7.2
21.02.2023;5640.9;15633.3;21274.2;-10.2
22.02.2023;5561.3;14906.9;20468.2;-16.3
23.02.2023;5625.9;15190.3;20816.2;-10.8
24.02.2023;5521.9;14675.9;20197.8;-3.6
25.02.2023;5211.7;8800.3;14012.0;-5.6
26.02.2023;5180.1;8544.7;13724.8;-8.3
27.02.2023;5390.2;14245.4;19635.6;-7.2
28.02.2023;5603.4;14402.3;20005.7;-0.2
01.03.2023;5684.8;14563.9;20248.7;-2.9
02.03.2023;5394.7;14064.8;19459.5;-0.4
03.03.2023;5516.0;13596.1;19112.1;-0.8
04.03.2023;5308.2;8804.0;14112.2;-2.2
05.03.2023;5185.5;8676.3;13861.8;-3.5
06.03.2023;5417.8;14401.7;19819.5;-6.9
07.03.2023;5498.3;15108.3;20606.6;-12.0
08.03.2023;5452.7;15476.3;20929.0;-8.0
09.03.2023;5545.6;14839.2;20384.8;-10.3
10.03.2023;5571.6;14713.3;20284.9;-9.3
11.03.2023;5266.8;8856.1;14122.9;-8.8
12.03.2023;5218.4;8466.3;13684.7;-6.0
13.03.2023;5523.3;15288.8;20812.1;-5.2
14.03.2023;5673.5;15395.8;21069.3;2.2
15.03.2023;5675.9;15773.6;21449.5;1.5
16.03.2023;5740.7;15224.6;20965.3;-2.3
17.03.2023;5559.9;14701.8;20261.7;-3.2
18.03.2023;5268.2;8750.1;14018.3;2.5
19.03.2023;5350.4;8645.6;13996.0;1.2
20.03.2023;5541.8;14909.8;20451.6;0.9
21.03.2023;5662.5;14815.5;20478.0;0.5
22.03.2023;5765.0;15834.8;21599.8;-1.1
23.03.2023;5717.2;14967.6;20684.8;4.0
24.03.2023;5692.6;14251.4;19944.0;2.7
25.03.2023;5303.7;8915.4;14219.1;1.7
26.03.2023;4843.9;8935.4;13779.3;-2.9
27.03.2023;5596.1;15572.7;21168.8;-3.5
28.03.2023;5732.8;16662.4;22395.2;-2.1
29.03.2023;5671.6;15157.4;20829.0;-4.5
30.03.2023;5626.7;16173.0;21799.7;-6.6
31.03.2023;5650.6;14534.3;20184.9;-5.5
01.04.2023;5387.1;8580.0;13967.1;-4.3
02.04.2023;5369.7;8574.0;13943.7;-2.6
03.04.2023;5709.3;14829.3;20538.6;-2.5
04.04.2023;5823.8;14940.9;20764.7;-2.7
05.04.2023;5835.2;14744.7;20579.9;1.3
06.04.2023;5651.5;13813.7;19465.2;2.5
07.04.2023;5414.4;10020.9;15435.3;3.3
08.04.2023;5285.2;7294.1;12579.3;2.9
09.04.2023;5175.1;7018.5;12193.6;5.0
10.04.2023;5318.9;9611.9;14930.8;3.7
11.04.2023;5488.8;13412.3;18901.1;5.4
12.04.2023;5454.2;13454.9;18909.1;7.8
13.04.2023;5583.2;13247.3;18830.5;2.7
14.04.2023;5689.4;12964.3;18653.7;1.8
15.04.2023;5413.8;7451.1;12864.9;2.6
16.04.2023;5283.5;7073.8;12357.3;4.8
17.04.2023;5577.7;13393.6;18971.3;4.8
18.04.2023;5722.3;13305.6;19027.9;5.0
19.04.2023;5646.9;13160.6;18807.5;5.8
20.04.2023;5461.9;13583.0;19044.9;9.5
21.04.2023;5317.9;12960.4;18278.3;9.8
22.04.2023;4990.7;7070.7;12061.4;10.0
23.04.2023;4972.7;6660.3;11633.0;8.5
24.04.2023;5230.4;13171.3;18401.7;11.2
25.04.2023;5434.8;13338.2;18773.0;11.9
26.04.2023;5697.8;13445.4;19143.2;14.0
27.04.2023;5792.1;14653.8;20445.9;7.0
28.04.2023;5693.5;12915.8;18609.3;5.0
29.04.2023;5569.0;7963.9;13532.9;3.6
30.04.2023;5394.3;7362.2;12756.5;5.0
01.05.2023;5240.6;9062.6;14303.2;5.5
02.05.2023;5600.2;13557.2;19157.4;6.5
03.05.2023;5766.3;13183.4;18949.7;5.3
04.05.2023;6178.4;13394.1;19572.5;1.2
05.05.2023;6211.1;13800.1;20011.2;1.3
06.05.2023;5146.4;6551.2;11697.6;3.7
07.05.2023;5008.7;6499.7;11508.4;7.0
08.05.2023;5311.1;12379.3;17690.4;7.9
09.05.2023;5387.1;12496.9;17884.0;10.2
10.05.2023;5847.6;13359.6;19207.2;10.9
11.05.2023;5878.2;14144.8;20023.0;14.2
12.05.2023;5920.6;13541.8;19462.4;16.1
13.05.2023;5409.0;7135.9;12544.9;16.4
14.05.2023;5324.2;6665.7;11989.9;14.9
15.05.2023;5570.6;13094.6;18665.2;15.7
16.05.2023;5569.9;13605.9;19175.8;14.5
17.05.2023;5555.8;13883.2;19439.0;12.1
18.05.2023;5283.7;9859.6;15143.3;8.8
19.05.2023;5339.6;9752.6;15092.2;10.6
20.05.2023;4998.0;6102.6;11100.6;14.2
21.05.2023;4986.7;6556.7;11543.4;15.1
22.05.2023;5262.2;12792.5;18054.7;15.7
23.05.2023;5346.8;12313.2;17660.0;14.5
24.05.2023;5306.4;12807.1;18113.5;17.0
25.05.2023;5284.4;12901.3;18185.7;14.4
26.05.2023;5219.3;11780.9;17000.2;9.8
27.05.2023;4824.9;6924.5;11749.4;8.6
28.05.2023;4843.6;5776.0;10619.6;11.1
29.05.2023;5075.9;11296.8;16372.7;11.4
30.05.2023;5180.0;12271.7;17451.7;10.3
31.05.2023;5119.6;14290.3;19409.9;10.0
01.06.2023;5212.2;12341.9;17554.1;8.5
02.06.2023;5175.5;12257.0;17432.5;4.4
03.06.2023;4555.1;6040.8;10595.9;8.4
04.06.2023;4572.4;6460.9;11033.3;10.1
05.06.2023;4914.7;11700.4;16615.1;12.3
06.06.2023;5089.6;11971.7;17061.3;12.5
07.06.2023;5319.1;12804.2;18123.3;11.3
08.06.2023;5435.0;13713.0;19148.0;10.5
09.06.2023;4815.1;10815.1;15630.2;10.2
10.06.2023;4760.4;5735.6;10496.0;10.6
11.06.2023;4604.7;5416.1;10020.8;13.7
12.06.2023;5010.6;12046.1;17056.7;15.6
13.06.2023;5089.7;13578.1;18667.8;17.5
14.06.2023;5160.8;12896.2;18057.0;17.9
15.06.2023;5192.7;13727.7;18920.4;19.9
16.06.2023;5259.0;13878.8;19137.8;21.6
17.06.2023;4834.4;6500.9;11335.3;20.2
18.06.2023;4703.5;5563.4;10266.9;17.2
19.06.2023;5239.0;12378.9;17617.9;18.1
20.06.2023;5185.1;14227.0;19412.1;20.7
21.06.2023;5238.0;14514.7;19752.7;20.8
22.06.2023;5249.2;13468.4;18717.6;20.0
23.06.2023;5092.9;9409.8;14502.7;20.3
24.06.2023;4707.8;5960.2;10668.0;18.7
25.06.2023;4574.3;6322.9;10897.2;17.0
26.06.2023;4915.0;12746.6;17661.6;19.4
27.06.2023;5232.4;13070.8;18303.2;19.8
28.06.2023;5373.1;13412.8;18785.9;20.6
29.06.2023;5405.2;13508.7;18913.9;22.2
30.06.2023;5437.7;13329.4;18767.1;21.8
01.07.2023;5030.4;7190.9;12221.3;16.9
02.07.2023;4511.2;6713.0;11224.2;15.1
03.07.2023;4777.0;10488.5;15265.5;15.1
04.07.2023;4836.1;9740.2;14576.3;14.4
05.07.2023;4853.5;10731.8;15585.3;14.5
06.07.2023;4915.6;10701.1;15616.7;15.8
07.07.2023;4885.8;10595.0;15480.8;16.8
08.07.2023;4741.1;6432.4;11173.5;15.8
09.07.2023;4699.8;6048.9;10748.7;14.1
10.07.2023;4689.7;9068.4;13758.1;15.4
11.07.2023;4767.8;9214.3;13982.1;15.1
12.07.2023;4701.3;9915.1;14616.4;17.7
13.07.2023;4870.1;9896.7;14766.8;18.7
14.07.2023;4781.9;10333.8;15115.7;18.6
15.07.2023;4335.0;5769.0;10104.0;20.0
16.07.2023;4148.3;5433.7;9582.0;19.6
17.07.2023;4712.4;9938.5;14650.9;19.6
18.07.2023;4440.0;9544.9;13984.9;16.8
19.07.2023;4566.7;9368.2;13934.9;16.9
20.07.2023;4470.1;9429.4;13899.5;17.1
21.07.2023;4482.7;9164.4;13647.1;16.4
22.07.2023;4196.1;5471.1;9667.2;16.6
23.07.2023;4311.3;5542.9;9854.2;15.5
24.07.2023;4552.9;9393.7;13946.6;14.8
25.07.2023;4515.3;9468.0;13983.3;17.3
26.07.2023;4553.6;9859.5;14413.1;16.8
27.07.2023;4506.5;9658.8;14165.4;17.2
28.07.2023;4436.2;9471.1;13907.3;14.0
29.07.2023;4010.8;5010.5;9021.3;15.1
30.07.2023;4030.6;4869.1;8899.7;18.3
31.07.2023;4353.6;11015.2;15368.8;17.4
01.08.2023;4527.2;11107.8;15635.0;18.8
02.08.2023;4603.3;11874.2;16477.5;19.6
03.08.2023;4676.6;11537.8;16214.4;19.2
04.08.2023;4862.4;10912.1;15774.6;18.3
05.08.2023;4347.8;6112.9;10460.7;18.6
06.08.2023;4446.3;6140.9;10587.2;18.6
07.08.2023;5126.2;14886.4;20012.7;25.1
08.08.2023;5210.0;13595.8;18805.8;20.8
09.08.2023;4982.2;12654.7;17636.9;17.4
10.08.2023;5032.9;12321.7;17354.5;17.0
11.08.2023;4976.5;12272.9;17249.3;17.4
12.08.2023;4514.1;5735.9;10249.9;18.5
13.08.2023;4431.6;6245.0;10676.6;17.2
14.08.2023;4968.5;13038.9;18007.3;17.9
15.08.2023;5109.6;13975.6;19085.2;19.2
16.08.2023;5208.2;14616.8;19825.0;19.9
17.08.2023;5348.3;13556.3;18904.6;19.6
18.08.2023;5129.0;11778.1;16907.1;16.0
19.08.2023;4465.9;6871.5;11337.4;14.3
20.08.2023;4384.2;5340.2;9724.3;15.1
21.08.2023;4925.3;13011.3;17936.6;15.1
22.08.2023;5041.5;13001.5;18043.0;15.1
23.08.2023;5038.6;12438.8;17477.4;15.5
24.08.2023;4983.0;13055.9;18039.0;15.0
25.08.2023;5051.6;12562.1;17613.7;14.9
26.08.2023;4614.7;6352.0;10966.6;15.9
27.08.2023;4573.3;6186.6;10759.9;15.3
28.08.2023;5133.8;13731.7;18865.4;15.2
29.08.2023;5107.9;13188.4;18296.3;15.6
30.08.2023;5307.6;14029.1;19336.7;14.3
31.08.2023;5195.0;13889.0;19084.0;18.5
01.09.2023;5198.1;13254.8;18453.0;16.7
02.09.2023;4550.4;6623.8;11174.3;15.7
03.09.2023;4601.5;6402.0;11003.5;15.2
04.09.2023;4986.5;13140.6;18127.1;14.1
05.09.2023;5090.2;14154.1;19244.3;15.5
06.09.2023;4996.7;12446.5;17443.2;11.6
07.09.2023;4979.1;12722.4;17701.5;12.2
08.09.2023;5116.5;12954.2;18070.8;14.4
09.09.2023;4612.9;6734.0;11346.9;14.4
10.09.2023;4532.5;6861.8;11394.3;15.7
11.09.2023;5232.2;14452.9;19685.1;16.0
12.09.2023;4961.9;14828.8;19790.8;18.1
13.09.2023;5183.6;14592.4;19776.0;17.0
14.09.2023;5040.6;13661.7;18702.3;13.3
15.09.2023;5098.8;12481.7;17580.5;10.4
16.09.2023;4444.3;7341.4;11785.7;12.6
17.09.2023;4435.3;6881.1;11316.5;11.7
18.09.2023;4912.1;13736.2;18648.3;9.4
19.09.2023;5362.2;15183.1;20545.3;11.8
20.09.2023;5212.4;14781.1;19993.5;13.7
21.09.2023;5566.8;15551.2;21117.9;15.7
22.09.2023;5058.2;13510.8;18568.9;16.6
23.09.2023;4687.8;7669.0;12356.8;16.2
24.09.2023;4570.2;6970.2;11540.4;13.7
25.09.2023;5159.2;13706.6;18865.8;10.8
26.09.2023;5248.8;14229.2;19478.0;13.4
27.09.2023;5180.9;14372.3;19553.3;13.9
28.09.2023;5136.6;14018.8;19155.4;14.2
29.09.2023;5146.5;13753.1;18899.6;14.7
30.09.2023;4557.1;7631.9;12188.9;14.2
01.10.2023;4597.6;6876.5;11474.2;11.5
02.10.2023;5183.2;13833.1;19016.3;10.3
03.10.2023;5037.4;14221.9;19259.4;11.1
04.10.2023;5060.3;14481.9;19542.1;8.2
05.10.2023;5251.9;14492.7;19744.6;6.7
06.10.2023;5258.4;13439.9;18698.2;4.8
07.10.2023;4789.8;8697.1;13486.9;3.3
08.10.2023;4889.5;7629.5;12519.0;3.2
09.10.2023;5348.8;14216.7;19565.5;2.5
10.10.2023;5444.1;14904.0;20348.1;1.5
11.10.2023;5138.1;15033.2;20171.3;9.5
12.10.2023;5250.5;14290.4;19540.9;7.8
13.10.2023;5227.8;13364.4;18592.1;7.0
14.10.2023;4503.9;7955.4;12459.3;9.1
15.10.2023;4480.7;7166.9;11647.6;5.8
16.10.2023;5339.8;14573.3;19913.1;2.8
17.10.2023;5523.9;14707.3;20231.2;3.6
18.10.2023;5546.0;14936.1;20482.1;1.7
19.10.2023;5596.5;14639.2;20235.6;1.5
20.10.2023;5518.1;13952.3;19470.4;0.6
21.10.2023;4975.9;8043.8;13019.7;-1.6
22.10.2023;4898.5;8218.5;13116.9;-0.6
23.10.2023;5158.1;13098.6;18256.7;2.1
24.10.2023;5136.0;13464.8;18600.7;-0.0
25.10.2023;5106.9;13253.8;18360.7;-2.2
26.10.2023;5086.8;13030.9;18117.7;-2.3
27.10.2023;5025.5;13007.5;18033.0;-2.2
28.10.2023;4494.8;7797.6;12292.4;-0.7
29.10.2023;4885.3;7052.0;11937.3;-3.1
30.10.2023;4782.2;14359.8;19142.0;-2.4
31.10.2023;5021.8;14929.1;19950.9;-1.7
01.11.2023;5154.9;15047.7;20202.6;2.0
02.11.2023;5149.4;14740.3;19889.8;-0.6
03.11.2023;5129.7;14088.2;19217.9;-0.5
04.11.2023;4700.5;7845.5;12545.9;3.2
05.11.2023;4361.3;7349.7;11711.0;5.8
06.11.2023;4845.5;14126.5;18972.0;5.5
07.11.2023;4939.6;14239.4;19178.9;4.7
08.11.2023;4847.2;13907.3;18754.5;3.9
09.11.2023;5085.8;14828.6;19914.5;0.3
10.11.2023;5100.0;13954.9;19054.9;4.5
11.11.2023;4305.2;7916.4;12221.6;5.8
12.11.2023;4259.6;7636.0;11895.6;2.4
13.11.2023;4980.0;14439.3;19419.3;-0.2
14.11.2023;5239.5;15001.2;20240.7;-0.6
15.11.2023;5204.4;15067.7;20272.1;-1.7
16.11.2023;5121.7;14770.4;19892.1;-3.8
17.11.2023;5226.2;14460.1;19686.4;-6.6
18.11.2023;4629.0;8175.3;12804.3;-4.1
19.11.2023;4496.0;7910.6;12406.6;-3.9
20.11.2023;5045.2;14712.2;19757.3;-4.7
21.11.2023;5188.8;15149.7;20338.4;-6.4
22.11.2023;5082.0;15192.4;20274.5;-6.3
23.11.2023;5227.2;15700.4;20927.5;-1.5
24.11.2023;5415.8;14801.6;20217.4;-5.4
25.11.2023;4810.2;8145.4;12955.6;-10.7
26.11.2023;4718.5;7958.7;12677.2;-12.4
27.11.2023;5013.2;15112.7;20125.9;-10.6
28.11.2023;5252.3;15198.3;20450.6;-4.1
29.11.2023;5413.9;15416.4;20830.2;-3.7
30.11.2023;5303.5;15398.3;20701.8;-4.8
01.12.2023;5308.9;14057.0;19365.9;-6.2
02.12.2023;4751.8;8131.7;12883.5;-8.1
03.12.2023;4513.6;7764.2;12277.8;-10.8
04.12.2023;5000.0;14668.6;19668.6;-10.6
05.12.2023;5104.3;14092.8;19197.1;-15.8
06.12.2023;5020.1;10633.8;15653.9;-12.1
07.12.2023;5102.0;14733.4;19835.4;-13.8
08.12.2023;5153.0;14246.9;19399.9;-14.1
09.12.2023;4732.5;8491.2;13223.7;-12.6
10.12.2023;4645.0;8101.9;12746.9;-12.3
11.12.2023;5161.0;14650.5;19811.5;-10.3
12.12.2023;5285.2;15069.9;20355.2;-7.7
13.12.2023;5370.2;15420.7;20790.9;-3.5
14.12.2023;5340.0;14925.9;20265.9;-3.3
15.12.2023;5224.3;14137.5;19361.9;-6.4
16.12.2023;4702.8;8322.1;13024.9;-3.9
17.12.2023;4668.6;8113.9;12782.5;0.2
18.12.2023;5116.1;14669.6;19785.7;-1.9
19.12.2023;5271.1;14085.0;19356.1;1.2
20.12.2023;5279.4;13916.9;19196.3;-1.4
21.12.2023;5109.8;14265.2;19375.0;-4.3
22.12.2023;5080.9;12133.5;17214.4;-1.0
23.12.2023;4701.3;7902.3;12603.6;-0.3
24.12.2023;4651.7;7641.2;12292.9;-1.8
25.12.2023;4812.2;9531.3;14343.5;-3.8
26.12.2023;4700.2;9347.7;14047.9;-6.0
27.12.2023;4800.8;10152.1;14952.9;-11.8
28.12.2023;4777.9;10203.9;14981.7;-6.8
29.12.2023;4771.1;9985.1;14756.2;-4.5
30.12.2023;4515.6;7579.6;12095.2;-6.9
31.12.2023;4464.5;7397.6;11862.1;-14.5
