Päivittäiset kulutukset (kWh) ja lämpötila:
Pvm;Yö;Päivä;Yhteensä;Lämpötila
01.01.2023;281.0;575.0;856.0;0.2
02.01.2023;287.0;816.0;1103.0;-4.8
03.01.2023;290.0;897.0;1187.0;-4.9
04.01.2023;304.0;871.0;1175.0;-8.7
05.01.2023;316.0;893.0;1209.0;-11.1
06.01.2023;316.0;682.0;998.0;-7.8
07.01.2023;249.0;576.0;825.0;-10.4
08.01.2023;253.0;625.0;878.0;-12.4
09.01.2023;313.0;1345.0;1658.0;-9.7
10.01.2023;377.0;1410.0;1787.0;-7.5
11.01.2023;450.0;1662.0;2112.0;0.1
12.01.2023;402.0;1606.0;2008.0;-1.4
13.01.2023;407.0;1461.0;1868.0;-0.2
14.01.2023;307.0;797.0;1104.0;1.5
15.01.2023;329.0;728.0;1057.0;1.2
16.01.2023;390.0;1572.0;1962.0;1.3
17.01.2023;424.0;1677.0;2101.0;0.4
18.01.2023;423.0;1782.0;2205.0;0.1
19.01.2023;439.0;1869.0;2308.0;0.0
20.01.2023;390.0;1680.0;2070.0;-1.4
21.01.2023;324.0;720.0;1044.0;-6.1
22.01.2023;303.0;656.0;959.0;-6.1
23.01.2023;368.0;1686.0;2054.0;-6.5
24.01.2023;406.0;1740.0;2146.0;-1.6
25.01.2023;417.0;1810.0;2227.0;0.9
26.01.2023;412.0;1813.0;2225.0;1.2
27.01.2023;425.0;1478.0;1903.0;-4.4
28.01.2023;343.0;762.0;1105.0;-3.2
29.01.2023;428.0;750.0;1178.0;-1.5
30.01.2023;406.0;1636.0;2042.0;0.4
31.01.2023;385.0;1707.0;2092.0;-2.1
01.02.2023;396.0;1816.0;2212.0;-3.9
02.02.2023;391.0;1705.0;2096.0;-4.3
03.02.2023;363.0;1614.0;1977.0;-6.5
04.02.2023;402.0;1170.0;1572.0;-6.9
05.02.2023;335.0;609.0;944.0;-8.2
06.02.2023;397.0;1660.0;2057.0;-2.7
07.02.2023;380.0;1696.0;2076.0;-3.3
08.02.2023;399.0;1893.0;2292.0;0.6
09.02.2023;445.0;1797.0;2242.0;0.7
10.02.2023;403.0;1631.0;2034.0;-1.0
11.02.2023;318.0;677.0;995.0;-4.4
12.02.2023;328.0;628.0;956.0;-4.7
13.02.2023;400.0;1707.0;2107.0;1.4
14.02.2023;369.0;1618.0;1987.0;-0.3
15.02.2023;399.0;1769.0;2168.0;-0.5
16.02.2023;463.0;1912.0;2375.0;-0.7
17.02.2023;441.0;1550.0;1991.0;-1.3
18.02.2023;319.0;609.0;928.0;-3.7
19.02.2023;329.0;666.0;995.0;-5.4
20.02.2023;374.0;1651.0;2025.0;-7.2
21.02.2023;378.0;1697.0;2075.0;-10.2
22.02.2023;390.0;1685.0;2075.0;-16.3
23.02.2023;410.0;1669.0;2079.0;-10.8
24.02.2023;439.0;1498.0;1937.0;-3.6
25.02.2023;331.0;604.0;935.0;-5.6
26.02.2023;335.0;557.0;892.0;-8.3
27.02.2023;335.0;873.0;1208.0;-7.2
28.02.2023;358.0;992.0;1350.0;-0.2
01.03.2023;349.0;856.0;1205.0;-2.9
02.03.2023;353.0;891.0;1244.0;-0.4
03.03.2023;409.0;873.0;1282.0;-0.8
04.03.2023;356.0;573.0;929.0;-2.2
05.03.2023;427.0;659.0;1086.0;-3.5
06.03.2023;382.0;1731.0;2113.0;-6.9
07.03.2023;383.0;1772.0;2155.0;-12.0
08.03.2023;396.0;1809.0;2205.0;-8.0
09.03.2023;367.0;1642.0;2009.0;-10.3
10.03.2023;366.0;1472.0;1838.0;-9.3
11.03.2023;291.0;619.0;910.0;-8.8
12.03.2023;306.0;634.0;940.0;-6.0
13.03.2023;381.0;1713.0;2094.0;-5.2
14.03.2023;434.0;1844.0;2278.0;2.2
15.03.2023;437.0;1872.0;2309.0;1.5
16.03.2023;384.0;1985.0;2369.0;-2.3
17.03.2023;406.0;1843.0;2249.0;-3.2
18.03.2023;412.0;664.0;1076.0;2.5
19.03.2023;332.0;623.0;955.0;1.2
20.03.2023;416.0;1810.0;2226.0;0.9
21.03.2023;389.0;1795.0;2184.0;0.5
22.03.2023;408.0;1864.0;2272.0;-1.1
23.03.2023;483.0;1838.0;2321.0;4.0
24.03.2023;419.0;1658.0;2077.0;2.7
25.03.2023;376.0;736.0;1112.0;1.7
26.03.2023;402.0;717.0;1119.0;-2.9
27.03.2023;409.0;1740.0;2149.0;-3.5
28.03.2023;408.0;1737.0;2145.0;-2.1
29.03.2023;411.0;1830.0;2241.0;-4.5
30.03.2023;368.0;1660.0;2028.0;-6.6
31.03.2023;368.0;1515.0;1883.0;-5.5
01.04.2023;317.0;638.0;955.0;-4.3
02.04.2023;328.0;632.0;960.0;-2.6
03.04.2023;455.0;1756.0;2211.0;-2.5
04.04.2023;400.0;1742.0;2142.0;-2.7
05.04.2023;498.0;1920.0;2418.0;1.3
06.04.2023;428.0;1555.0;1983.0;2.5
07.04.2023;347.0;743.0;1090.0;3.3
08.04.2023;327.0;623.0;950.0;2.9
09.04.2023;425.0;628.0;1053.0;5.0
10.04.2023;341.0;715.0;1056.0;3.7
11.04.2023;403.0;1730.0;2133.0;5.4
12.04.2023;393.0;1868.0;2261.0;7.8
13.04.2023;433.0;1747.0;2180.0;2.7
14.04.2023;420.0;1631.0;2051.0;1.8
15.04.2023;326.0;576.0;902.0;2.6
16.04.2023;340.0;606.0;946.0;4.8
17.04.2023;422.0;1967.0;2389.0;4.8
18.04.2023;485.0;1794.0;2279.0;5.0
19.04.2023;465.0;1716.0;2181.0;5.8
20.04.2023;392.0;1847.0;2239.0;9.5
21.04.2023;386.0;1587.0;1973.0;9.8
22.04.2023;320.0;670.0;990.0;10.0
23.04.2023;353.0;593.0;946.0;8.5
24.04.2023;419.0;1731.0;2150.0;11.2
25.04.2023;405.0;1755.0;2160.0;11.9
26.04.2023;382.0;1932.0;2314.0;14.0
27.04.2023;395.0;1792.0;2187.0;7.0
28.04.2023;414.0;1595.0;2009.0;5.0
29.04.2023;332.0;609.0;941.0;3.6
30.04.2023;360.0;565.0;925.0;5.0
01.05.2023;355.0;702.0;1057.0;5.5
02.05.2023;425.0;1061.0;1486.0;6.5
03.05.2023;444.0;1222.0;1666.0;5.3
04.05.2023;351.0;1178.0;1529.0;1.2
05.05.2023;330.0;1028.0;1358.0;1.3
06.05.2023;314.0;588.0;902.0;3.7
07.05.2023;310.0;564.0;874.0;7.0
08.05.2023;347.0;1410.0;1757.0;7.9
09.05.2023;385.0;1294.0;1679.0;10.2
10.05.2023;344.0;1112.0;1456.0;10.9
11.05.2023;320.0;1217.0;1537.0;14.2
12.05.2023;305.0;992.0;1297.0;16.1
13.05.2023;275.0;550.0;825.0;16.4
14.05.2023;272.0;497.0;769.0;14.9
15.05.2023;288.0;1197.0;1485.0;15.7
16.05.2023;297.0;1195.0;1492.0;14.5
17.05.2023;308.0;1118.0;1426.0;12.1
18.05.2023;283.0;713.0;996.0;8.8
19.05.2023;288.0;1021.0;1309.0;10.6
20.05.2023;306.0;556.0;862.0;14.2
21.05.2023;266.0;602.0;868.0;15.1
22.05.2023;282.0;1182.0;1464.0;15.7
23.05.2023;277.0;1232.0;1509.0;14.5
24.05.2023;274.0;1318.0;1592.0;17.0
25.05.2023;305.0;1245.0;1550.0;14.4
26.05.2023;258.0;987.0;1245.0;9.8
27.05.2023;205.0;354.0;559.0;8.6
28.05.2023;225.0;323.0;548.0;11.1
29.05.2023;219.0;1046.0;1265.0;11.4
30.05.2023;239.0;1206.0;1445.0;10.3
31.05.2023;215.0;997.0;1212.0;10.0
01.06.2023;224.0;977.0;1201.0;8.5
02.06.2023;239.0;865.0;1104.0;4.4
03.06.2023;203.0;392.0;595.0;8.4
04.06.2023;220.0;375.0;595.0;10.1
05.06.2023;316.0;1149.0;1465.0;12.3
06.06.2023;240.0;1362.0;1602.0;12.5
07.06.2023;239.0;1340.0;1579.0;11.3
08.06.2023;238.0;1313.0;1551.0;10.5
09.06.2023;238.0;821.0;1059.0;10.2
10.06.2023;183.0;363.0;546.0;10.6
11.06.2023;180.0;347.0;527.0;13.7
12.06.2023;239.0;950.0;1189.0;15.6
13.06.2023;232.0;1127.0;1359.0;17.5
14.06.2023;254.0;935.0;1189.0;17.9
15.06.2023;262.0;1267.0;1529.0;19.9
16.06.2023;269.0;1218.0;1487.0;21.6
17.06.2023;176.0;463.0;639.0;20.2
18.06.2023;195.0;357.0;552.0;17.2
19.06.2023;237.0;1032.0;1269.0;18.1
20.06.2023;248.0;1153.0;1401.0;20.7
21.06.2023;244.0;1193.0;1437.0;20.8
22.06.2023;238.0;1079.0;1317.0;20.0
23.06.2023;207.0;662.0;869.0;20.3
24.06.2023;176.0;395.0;571.0;18.7
25.06.2023;164.0;319.0;483.0;17.0
26.06.2023;213.0;1022.0;1235.0;19.4
27.06.2023;236.0;1192.0;1428.0;19.8
28.06.2023;276.0;1205.0;1481.0;20.6
29.06.2023;272.0;1207.0;1479.0;22.2
30.06.2023;285.0;1165.0;1450.0;21.8
01.07.2023;178.0;324.0;502.0;16.9
02.07.2023;184.0;340.0;524.0;15.1
03.07.2023;240.0;929.0;1169.0;15.1
04.07.2023;249.8;691.8;941.6;14.4
05.07.2023;246.8;629.8;876.6;14.5
06.07.2023;260.1;836.9;1097.0;15.8
07.07.2023;246.1;656.7;902.8;16.8
08.07.2023;169.2;341.0;510.2;15.8
09.07.2023;175.1;318.2;493.3;14.1
10.07.2023;237.1;577.7;814.8;15.4
11.07.2023;221.5;584.8;806.3;15.1
12.07.2023;216.8;600.7;817.4;17.7
13.07.2023;215.8;610.0;825.8;18.7
14.07.2023;230.6;766.8;997.4;18.6
15.07.2023;165.3;432.8;598.1;20.0
16.07.2023;172.2;466.8;639.0;19.6
17.07.2023;253.5;869.2;1122.7;19.6
18.07.2023;230.3;731.1;961.4;16.8
19.07.2023;219.8;622.5;842.3;16.9
20.07.2023;227.0;693.5;920.6;17.1
21.07.2023;222.8;650.8;873.6;16.4
22.07.2023;169.9;279.3;449.2;16.6
23.07.2023;165.1;331.2;496.3;15.5
24.07.2023;252.4;622.3;874.8;14.8
25.07.2023;246.6;834.5;1081.0;17.3
26.07.2023;242.9;751.0;994.0;16.8
27.07.2023;227.7;778.2;1006.0;17.2
28.07.2023;228.2;573.5;801.7;14.0
29.07.2023;167.4;282.8;450.2;15.1
30.07.2023;169.9;387.3;557.2;18.3
31.07.2023;241.0;911.2;1152.2;17.4
01.08.2023;256.5;925.8;1182.3;18.8
02.08.2023;242.2;946.1;1188.3;19.6
03.08.2023;245.9;918.1;1164.0;19.2
04.08.2023;246.7;869.9;1116.6;18.3
05.08.2023;202.9;436.6;639.5;18.6
06.08.2023;209.4;391.6;601.0;18.6
07.08.2023;289.8;1369.4;1659.3;25.1
08.08.2023;249.6;1092.3;1341.9;20.8
09.08.2023;236.9;1144.9;1381.8;17.4
10.08.2023;231.1;976.6;1207.6;17.0
11.08.2023;232.9;985.7;1218.6;17.4
12.08.2023;174.2;389.7;564.0;18.5
13.08.2023;176.0;413.2;589.2;17.2
14.08.2023;294.8;1286.3;1581.1;17.9
15.08.2023;336.3;1502.2;1838.6;19.2
16.08.2023;340.9;1802.9;2143.9;19.9
17.08.2023;338.4;1577.3;1915.7;19.6
18.08.2023;326.9;1123.3;1450.2;16.0
19.08.2023;225.9;465.2;691.1;14.3
20.08.2023;247.7;453.8;701.4;15.1
21.08.2023;415.1;1829.3;2244.4;15.1
22.08.2023;428.8;1316.7;1745.5;15.1
23.08.2023;390.5;1571.5;1962.0;15.5
24.08.2023;373.2;1703.4;2076.7;15.0
25.08.2023;393.8;1476.2;1870.0;14.9
26.08.2023;224.4;526.3;750.7;15.9
27.08.2023;229.3;545.8;775.1;15.3
28.08.2023;406.5;1722.8;2129.3;15.2
29.08.2023;401.8;2009.1;2410.9;15.6
30.08.2023;472.6;1907.8;2380.4;14.3
31.08.2023;434.2;2231.1;2665.3;18.5
01.09.2023;449.5;1982.7;2432.2;16.7
02.09.2023;299.7;598.1;897.8;15.7
03.09.2023;291.8;551.0;842.8;15.2
04.09.2023;442.8;1797.1;2239.9;14.1
05.09.2023;434.4;1972.0;2406.5;15.5
06.09.2023;465.7;1898.8;2364.5;11.6
07.09.2023;443.5;1902.7;2346.2;12.2
08.09.2023;491.9;1802.3;2294.1;14.4
09.09.2023;278.4;599.2;877.6;14.4
10.09.2023;242.5;636.8;879.3;15.7
11.09.2023;467.4;2085.0;2552.4;16.0
12.09.2023;442.0;2258.5;2700.6;18.1
13.09.2023;510.0;2123.5;2633.5;17.0
14.09.2023;434.6;1874.8;2309.4;13.3
15.09.2023;420.4;1696.9;2117.3;10.4
16.09.2023;330.7;590.2;920.8;12.6
17.09.2023;265.9;546.2;812.2;11.7
18.09.2023;414.5;1768.8;2183.3;9.4
19.09.2023;392.0;1825.8;2217.7;11.8
20.09.2023;414.6;1876.9;2291.5;13.7
21.09.2023;449.6;1879.9;2329.5;15.7
22.09.2023;407.3;1656.9;2064.2;16.6
23.09.2023;228.6;510.8;739.4;16.2
24.09.2023;229.3;524.1;753.4;13.7
25.09.2023;352.5;1816.0;2168.6;10.8
26.09.2023;408.7;1876.7;2285.4;13.4
27.09.2023;412.4;2023.3;2435.7;13.9
28.09.2023;386.5;1912.8;2299.3;14.2
29.09.2023;383.3;1786.8;2170.1;14.7
30.09.2023;261.2;513.5;774.7;14.2
01.10.2023;293.1;520.5;813.5;11.5
02.10.2023;446.1;1983.7;2429.8;10.3
03.10.2023;412.1;1991.1;2403.2;11.1
04.10.2023;443.3;1967.0;2410.3;8.2
05.10.2023;471.7;1970.0;2441.7;6.7
06.10.2023;520.8;1810.6;2331.4;4.8
07.10.2023;354.3;644.1;998.4;3.3
08.10.2023;349.0;580.6;929.6;3.2
09.10.2023;391.3;1794.9;2186.2;2.5
10.10.2023;380.5;1837.9;2218.4;1.5
11.10.2023;395.5;1954.5;2349.9;9.5
12.10.2023;489.5;1844.8;2334.3;7.8
13.10.2023;416.2;1744.5;2160.7;7.0
14.10.2023;293.7;562.7;856.3;9.1
15.10.2023;279.1;498.9;778.0;5.8
16.10.2023;413.7;1770.2;2183.9;2.8
17.10.2023;459.6;1934.4;2394.0;3.6
18.10.2023;410.9;2006.8;2417.7;1.7
19.10.2023;457.0;2096.7;2553.7;1.5
20.10.2023;405.9;1796.8;2202.7;0.6
21.10.2023;290.6;611.1;901.8;-1.6
22.10.2023;243.6;504.1;747.7;-0.6
23.10.2023;313.4;946.5;1260.0;2.1
24.10.2023;343.1;995.1;1338.3;-0.0
25.10.2023;310.5;976.0;1286.5;-2.2
26.10.2023;367.6;902.4;1270.0;-2.3
27.10.2023;397.9;972.8;1370.6;-2.2
28.10.2023;279.6;557.0;836.6;-0.7
29.10.2023;264.4;490.2;754.7;-3.1
30.10.2023;326.0;1885.2;2211.1;-2.4
31.10.2023;386.2;2039.5;2425.7;-1.7
01.11.2023;469.5;1878.5;2348.0;2.0
02.11.2023;376.5;1974.7;2351.2;-0.6
03.11.2023;423.1;1808.4;2231.6;-0.5
04.11.2023;291.0;621.8;912.8;3.2
05.11.2023;271.5;558.6;830.1;5.8
06.11.2023;415.4;1883.1;2298.6;5.5
07.11.2023;439.8;1999.7;2439.5;4.7
08.11.2023;431.8;1869.8;2301.6;3.9
09.11.2023;397.2;1857.1;2254.4;0.3
10.11.2023;372.1;1669.6;2041.7;4.5
11.11.2023;277.1;587.6;864.7;5.8
12.11.2023;274.6;617.7;892.3;2.4
13.11.2023;358.5;1701.4;2059.9;-0.2
14.11.2023;394.3;1851.4;2245.7;-0.6
15.11.2023;413.6;1873.8;2287.4;-1.7
16.11.2023;381.7;1742.3;2124.0;-3.8
17.11.2023;410.0;1314.0;1724.0;-6.6
18.11.2023;259.6;592.8;852.3;-4.1
19.11.2023;245.9;503.0;749.0;-3.9
20.11.2023;341.3;1628.8;1970.1;-4.7
21.11.2023;379.6;1887.1;2266.7;-6.4
22.11.2023;394.4;1743.9;2138.3;-6.3
23.11.2023;386.3;1986.8;2373.1;-1.5
24.11.2023;380.6;1229.8;1610.3;-5.4
25.11.2023;296.4;616.2;912.5;-10.7
26.11.2023;264.3;596.1;860.4;-12.4
27.11.2023;363.8;1694.5;2058.3;-10.6
28.11.2023;405.5;1992.9;2398.4;-4.1
29.11.2023;415.3;1873.9;2289.2;-3.7
30.11.2023;377.7;1817.1;2194.8;-4.8
01.12.2023;359.6;1729.8;2089.4;-6.2
02.12.2023;306.2;682.1;988.4;-8.1
03.12.2023;321.8;643.1;964.9;-10.8
04.12.2023;389.1;1710.5;2099.7;-10.6
05.12.2023;396.6;1899.2;2295.8;-15.8
06.12.2023;296.4;632.3;928.7;-12.1
07.12.2023;377.7;1806.6;2184.3;-13.8
08.12.2023;388.9;1553.7;1942.7;-14.1
09.12.2023;256.5;547.0;803.5;-12.6
10.12.2023;252.2;567.9;820.0;-12.3
11.12.2023;344.0;1782.1;2126.1;-10.3
12.12.2023;360.4;1643.8;2004.2;-7.7
13.12.2023;335.6;1868.4;2204.0;-3.5
14.12.2023;313.2;1467.2;1780.5;-3.3
15.12.2023;325.2;1204.1;1529.3;-6.4
16.12.2023;234.2;604.9;839.1;-3.9
17.12.2023;266.6;598.0;864.6;0.2
18.12.2023;306.2;961.6;1267.8;-1.9
19.12.2023;336.1;1142.7;1478.8;1.2
20.12.2023;301.3;920.5;1221.8;-1.4
21.12.2023;258.6;954.7;1213.3;-4.3
22.12.2023;279.6;841.8;1121.4;-1.0
23.12.2023;236.7;546.0;782.7;-0.3
24.12.2023;253.2;493.5;746.7;-1.8
25.12.2023;255.4;523.3;778.7;-3.8
26.12.2023;248.0;549.0;796.9;-6.0
27.12.2023;273.9;732.5;1006.4;-11.8
28.12.2023;257.9;635.1;893.1;-6.8
29.12.2023;258.7;679.1;937.8;-4.5
30.12.2023;218.8;570.1;788.9;-6.9
31.12.2023;235.4;489.1;724.5;-14.5
